Foo
0
Foo2
0
WuYangzu
6
0.02338
-0.06765
-0.05132
0.01747
-0.03033
0.04014
-0.04343
0.06417
-0.0609
0.03965
0.01169
0.06563
-0.01957
0.006029
0.04011
-0.000499
0.06765
0.06805
-0.03315
-0.04729
-0.01729
0.06547
0.06612
-0.01911
-9.166e-05
-0.03406
-0.0333
0.0284
0.06819
-0.03108
-0.04591
0.005304
0.0442
0.0641
-0.06565
-0.02523
-0.07593
-0.02694
-0.03273
-0.002854
0.05817
-0.03191
-0.01333
0.02084
0.02779
0.08235
0.03412
-0.0179
-0.06923
0.01599
-0.01122
0.01787
0.09696
-0.004432
0.007558
0.01827
-0.03445
0.04562
0.03542
-0.01002
-0.05402
0.03712
-0.07013
0.03371
0.01367
0.009746
-0.02301
0.0135
-0.02489
6.184e-05
-0.01346
0.03099
0.01056
0.05171
0.07407
0.008542
-0.04111
0.02436
-0.04442
-0.04007
0.06452
0.01016
-0.04021
-0.01087
0.007167
0.03642
-0.004192
0.02709
-0.06375
-0.03656
0.003188
-0.02995
0.0202
0.004226
-0.0277
0.02955
-0.01678
0.05813
-0.01938
0.01593
0.01665
0.04192
0.03525
-0.0007196
0.01876
-0.03778
0.01629
-0.07133
-0.06484
-0.02808
-0.00371
0.0005721
-0.04313
-0.07101
0.02696
0.04175
0.008529
-0.002248
-0.02436
0.03957
0.02532
0.04059
-0.02648
-0.04682
-0.02062
-0.005227
0.1073
-0.03491
0.05934
-0.1061
0.008186
-0.02276
-0.03071
0.03381
-0.0604
-0.04193
0.004582
-0.02155
0.02477
0.002371
-0.0327
0.0502
0.03626
-0.01001
0.05916
-0.03676
-0.04118
-0.008959
-0.01738
-0.03733
0.01669
-0.03262
-0.07028
0.01577
0.06267
-0.05307
-0.1028
-0.03128
-0.02507
-0.04528
0.005636
0.05434
-0.001058
0.03735
0.03914
0.05431
-0.0573
0.01625
-0.09012
0.05733
-0.07111
0.001107
0.01049
-0.02247
0.01164
0.05591
0.03063
0.07327
-0.05268
0.02758
0.05755
-0.0621
0.04613
0.06837
0.1017
-0.05697
0.04863
-0.05097
0.06072
0.004875
0.0668
0.01933
0.06781
-0.01596
0.03907
0.007882
-0.0429
-0.01303
-0.04469
0.0005355
0.0955
0.02891
0.08218
-0.0929
-0.06788
-0.03373
-0.002516
0.01189
0.05795
0.06057
0.04234
0.08179
-0.06527
0.04317
-0.02377
0.02769
0.01447
-0.0414
-0.09183
-0.02331
-0.02463
0.04542
-0.007165
-0.03132
-0.01736
-0.03509
-0.004953
0.05402
0.03521
0.01185
-0.06623
-0.05346
0.02712
-0.06246
-0.06457
0.00322
0.04088
-0.003352
0.0516
0.05361
-0.02534
-0.0004203
-0.01704
0.009804
0.01515
0.05645
-0.02258
-0.02966
-0.006106
0.01059
0.04454
0.101
0.02673
-0.005539
0.009243
0.03689
0.01165
0.006437
0.009063
0.0631
-0.04117
-0.05656
-0.05017
-0.01052
-0.08787
-0.06492
0.06641
-0.01729
-0.009687
-0.03768
-0.01206
0.03721
0.03136
-0.02909
0.03987
-0.01912
-0.05375
-0.00741
0.02304
0.06552
0.03344
0.0009884
-0.09002
-0.1023
0.06249
0.09612
0.02637
0.002931
-0.02867
-0.05245
0.0194
0.01956
0.07686
0.03909
-0.007265
-0.01698
0.000926
0.006041
0.01794
0.004303
0.09071
-0.03493
0.04124
0.05562
0.04799
-0.04703
0.03797
-0.06363
-0.01902
-0.04513
-0.06419
0.03142
0.01889
0.08013
0.05715
-0.003786
-0.01949
0.004794
0.09968
0.01669
0.02031
-0.05578
-0.02611
-0.02146
0.002893
-0.06212
-0.02079
-0.02278
-0.003434
0.0219
-0.03712
0.007804
-0.01576
0.01342
0.01702
0.07378
0.01745
-0.04008
-0.05251
0.02331
0.00936
0.003755
0.03743
0.01947
0.04369
-0.03568
0.007977
0.05867
0.04377
0.09395
0.1031
-0.03597
-0.06117
0.06958
0.01652
0.06007
-0.0177
-0.03738
-0.05717
0.03794
-0.03542
-0.1149
0.008199
0.05244
-0.03792
0.0668
0.01205
0.04477
0.001917
-0.04801
0.01561
-0.02757
-0.007113
-0.0626
0.04023
0.07541
-0.05047
-0.01618
-0.008726
-0.01304
-0.06499
-0.004487
-0.01486
0.06053
0.03127
-0.05031
0.01919
-0.01953
0.02771
-0.05904
-0.01897
0.03108
0.02287
-0.02708
-0.02979
0.01107
0.03262
0.0148
0.06993
0.02249
-0.02303
0.07232
0.08901
-0.01999
-0.01372
-0.04014
0.01776
-0.007628
0.00977
-0.0001215
0.06666
-0.02935
0.03659
-0.00591
-0.02559
-0.02117
0.07165
0.0237
0.04539
-0.09324
0.002852
0.03892
0.009181
0.02604
-0.07447
-0.07457
0.03252
-0.04433
-0.01078
-0.122
0.01339
0.08579
-0.02414
-0.04531
0.006994
0.005803
0.036
-0.0389
0.02238
-0.02919
-0.04827
0.02324
-0.02792
-0.01338
-0.003628
-0.03877
0.004536
0.01331
-0.05542
-0.03446
-0.007829
0.008217
0.04714
0.02471
-0.002383
-0.0205
0.06393
0.04736
0.02155
0.04644
-0.03634
0.02303
0.04396
-0.01356
0.1016
0.01064
-0.04841
-0.06629
0.03415
0.04889
0.02312
-0.03105
0.03379
-0.003066
-0.06746
-0.03684
0.08013
0.003611
0.07718
0.06553
0.06857
-0.03812
-0.07539
-0.01611
0.02513
-0.09949
-0.01366
-0.01074
0.05166
-0.02119
-0.06678
-0.07902
0.03992
-0.04124
-0.0002863
-0.095
0.05627
0.0253
0.01748
0.01046
-0.06774
0.02147
-0.01622
-0.007279
-0.07371
0.008572
0.006821
0.03594
0.009443
-0.04989
-0.04172
-0.05609
0.05133
-0.06163
-0.03057
0.03426
-0.0113
0.04667
-0.02593
0.06513
-0.04058
0.05055
0.01915
0.04513
-0.02562
-0.00686
0.02783
-0.0386
0.05273
0.03474
-0.01351
-0.04951
-0.02592
0.0619
0.06507
-0.01967
-0.02355
0.0103
-0.02508
0.0216
0.08239
-0.04278
-0.05324
0.0158
0.02585
0.01305
-0.0565
-0.0443
-0.07773
-0.01607
-0.02803
-0.01126
0.04756
-0.0006697
-0.03768
0.02429
0.04488
0.04912
0.02752
-0.002163
-0.06935
-0.007015
-0.02471
-0.001259
0.08575
0.02231
0.01529
0.04725
-0.02705
0.04433
0.01938
-0.01888
-0.02081
-0.000708
-0.06975
0.02727
0.02067
-0.002401
-0.01401
-0.005437
-0.03041
-0.00486
-0.01097
0.05535
-0.01938
0.04864
0.06783
0.002176
-0.0265
0.02202
-0.02788
-0.0254
0.07391
0.04145
-0.05922
-0.009179
0.005473
0.06439
-0.008486
0.01302
-0.03043
-0.03679
0.01369
-0.0585
0.02724
0.01423
-0.0382
0.0565
-0.01056
0.07368
-0.01337
-0.002208
-0.0009244
-0.01199
0.02004
-0.01618
0.03646
-0.02752
-0.008435
-0.05939
-0.06301
-0.04013
0.03695
0.01985
-0.04599
-0.07257
0.05195
0.05607
0.02184
-0.01842
-0.02422
0.04601
0.0147
0.03682
-0.0145
-0.04457
-0.01451
-0.03011
0.1133
-0.07407
0.04978
-0.07275
0.005806
-0.02447
-0.007046
0.03976
-0.07635
-0.05293
0.003484
-0.01963
0.05655
0.008851
-0.0434
0.06309
0.04459
0.01036
0.02905
-0.01964
-0.009312
0.01677
-0.05407
-0.03895
0.007154
-0.009315
-0.08402
-0.002996
0.05141
-0.03045
-0.1106
-0.02008
-0.002567
-0.04977
0.0282
0.03752
0.002215
-0.002491
0.009505
0.0589
-0.03874
0.01526
-0.05787
0.09152
-0.06249
-0.03515
0.02455
-0.04281
0.02011
0.08127
-0.004714
0.07766
-0.02418
0.02137
0.07505
-0.07285
0.03097
0.05062
0.1127
-0.05845
0.0336
-0.05454
0.07588
0.01328
0.04307
0.0238
0.04832
-0.02733
0.04584
0.008628
-0.02933
-0.04479
-0.02445
-0.03196
0.1013
0.008846
0.0784
-0.09632
-0.08172
-0.02239
0.01604
0.002956
0.08702
0.04625
0.02086
0.05051
-0.05516
0.006277
-0.0198
0.02597
0.006532
-0.02934
-0.1254
-0.007851
-0.03183
0.03403
-7.622e-05
-0.007434
-0.04316
-0.04225
-0.009823
0.06072
0.05509
-0.0396
-0.06728
-0.04039
0.01564
-0.07568
-0.08557
0.03091
0.02947
0.0118
0.04499
0.06778
-0.02506
0.00597
-0.05148
0.02234
0.007983
0.02496
-0.0262
-0.08813
-0.02771
0.01554
0.06849
0.124
0.04058
0.01443
-0.0004023
0.04001
-0.04531
0.02596
0.002036
0.0387
-0.01547
-0.04131
-0.02829
-0.0002179
-0.08596
-0.02408
0.08953
-0.001997
-0.03307
-0.05579
0.00128
0.06901
0.02732
-0.03091
0.0375
-0.01287
-0.0449
0.000155
0.03335
0.05592
0.03112
0.03668
-0.095
-0.09459
0.06465
0.1144
0.04487
0.04749
-0.02255
-0.05263
0.02606
-0.002015
0.06458
0.09112
-0.01057
0.01288
-0.01397
-0.000726
0.0126
-0.0234
0.06634
-0.0007043
0.03801
0.05888
0.01724
-0.05626
0.03114
-0.03446
-0.02451
-0.009854
-0.05419
0.01016
0.05413
0.1086
0.05306
0.006027
0.006798
0.01739
0.05952
0.01716
0.007569
-0.01588
-0.01048
-0.007614
-0.003376
-0.0935
-0.0218
-0.02332
-0.02486
0.01077
-0.02991
0.03003
0.008024
0.03467
0.02165
0.0508
-0.0004376
-0.01645
-0.01822
0.01279
0.04784
0.00726
0.0227
0.03031
0.02093
-0.06789
-0.005895
0.02933
0.03222
0.06413
0.09311
-0.02726
-0.06676
0.04407
-0.01951
0.08697
0.01882
-0.06187
-0.03291
0.04538
-0.04708
-0.08999
0.03705
0.09301
-0.0408
0.07673
0.02762
0.02595
0.04531
-0.01962
0.01777
-0.02037
-0.006349
-0.05823
0.03275
0.0799
-0.03585
-0.01805
0.02205
-0.04473
-0.04904
-0.01319
-0.00607
0.07548
0.04707
-0.03593
0.03192
-0.01363
0.01076
-0.06589
0.006709
-0.00236
0.01612
-0.02719
-0.03792
0.01696
0.04238
0.0141
0.05429
-0.004924
-0.0634
0.07228
0.07452
0.01289
-0.005784
-0.01589
-0.02601
-0.01259
0.03548
-0.001044
0.1063
-0.01097
-0.01152
-0.06596
6.465e-05
0.008836
0.05115
0.02517
0.03688
-0.07174
0.01094
0.04294
0.05309
0.02048
-0.08928
-0.0651
0.01467
-0.05786
-0.01683
-0.1254
0.01996
0.1022
-0.01365
-0.02521
-0.03387
-0.003887
0.01492
-0.03413
0.03227
0.02691
-0.04274
0.03187
-0.06115
-0.02443
-0.001185
-0.05333
-0.01342
0.02419
-0.06428
-0.05558
-0.001308
-0.01591
0.02436
0.01207
0.01477
-0.01852
0.0602
0.02655
0.01356
0.005687
-0.01502
0.03739
0.05037
0.02827
0.06175
-0.01451
-0.02314
-0.03505
0.01923
0.01455
0.001425
-0.05336
0.03322
-0.01273
-0.0431
-0.02574
0.07513
-0.0001334
0.05697
0.04978
0.0659
0.01305
-0.07434
-0.003246
0.02517
-0.1097
-0.01747
0.01298
0.04404
-0.02441
-0.03504
-0.06552
0.0366
-0.05958
-0.01282
-0.07755
0.04947
-0.01228
-0.007784
-0.006265
-0.03846
0.03214
-0.0247
-0.02861
-0.07181
-0.004492
-0.01273
0.01679
0.02278
-0.0819
-0.06005
-0.03761
0.01716
-0.03608
-0.04638
0.02276
-0.005025
0.04941
-0.01291
0.05993
-0.02094
0.02222
0.002244
0.04799
-0.03329
0.01107
0.05461
-0.0177
0.08669
0.06361
-0.01778
-0.04228
-0.03338
0.04568
0.07477
-0.03238
-0.01245
-0.03953
-0.004914
0.02913
0.07158
-0.02794
-0.04714
0.01589
0.02979
0.06703
-0.05876
-0.02674
-0.05971
-0.01153
-0.03476
-0.00345
0.08908
-0.05453
-0.03429
0.008255
0.02444
0.04269
0.03451
0.01653
-0.09273
-0.00412
-0.01694
0.01644
0.08499
-0.008221
0.0006535
0.00311
-0.0481
0.05251
0.06405
-0.005884
-0.07045
0.01381
-0.043
0.03798
0.003502
-0.01916
-0.01385
0.006611
-0.04374
-0.01708
-0.02005
0.009198
-0.005006
0.02982
0.0838
-0.007152
-0.01876
0.003989
-0.04374
-0.05162
0.06748
0.02975
-0.04664
-0.02189
-0.001757
0.04393
0.007626
-0.006815
-0.05611
-0.05252
-0.005853
-0.02333
0.009417
-0.01297
-0.01436
0.03477
-0.03264
0.07013
-0.03793
-0.005528
0.03193
0.03281
-0.0005446
-0.008639
0.005313
-0.01696
0.03116
-0.03901
-0.04755
-0.02565
0.008708
-0.005946
-0.05474
-0.07544
0.04535
0.06686
0.01729
-0.005766
-0.01134
0.04095
0.02101
0.05613
0.00541
-0.07027
-0.0358
-0.03686
0.1171
-0.04418
0.01641
-0.08922
-0.006143
-0.02136
-0.02395
0.01737
-0.06598
-0.02641
-0.004202
-0.03593
0.03342
-0.01052
-0.01756
0.05373
0.0358
0.02929
0.06422
-0.0184
-0.01625
0.01475
-0.035
-0.05454
0.02129
-0.00428
-0.06239
-0.00715
0.06109
-0.04463
-0.114
-0.04085
-0.002668
-0.04275
0.0163
0.08006
0.02411
0.04222
0.02036
0.06946
-0.07344
0.02643
-0.1092
0.07215
-0.03827
-0.005205
0.04086
-0.02423
0.01975
0.06999
0.0006732
0.03458
-0.04323
0.03103
0.05892
-0.03983
0.03609
0.05101
0.09515
-0.06463
0.04097
-0.03299
0.08577
8.289e-05
0.06958
0.02031
0.05999
-0.03552
0.06907
-0.02063
-0.03697
-0.02433
-0.05013
-0.02717
0.08883
-0.02565
0.1197
-0.07418
-0.05237
-0.03126
0.02478
0.006219
0.07013
0.06222
0.03819
0.06992
-0.08337
0.02222
-0.01374
0.008015
0.04208
-0.03916
-0.08655
-0.01454
-0.01628
0.03721
-0.02424
-0.04863
-0.02145
-0.008547
0.01896
0.06369
0.0004697
-0.005894
-0.08315
-0.04685
0.02556
-0.04049
-0.08398
0.02806
0.05064
-0.01575
0.02487
0.04228
-0.03386
-0.01992
-0.01901
-0.002358
0.03757
0.058
-0.02093
-0.08668
-0.01903
0.01146
0.04397
0.09575
0.03376
0.003343
-0.01261
0.02186
-0.0012
-0.007318
-0.00697
0.05765
-0.03609
-0.03525
-0.01825
-0.03843
-0.1034
-0.0467
0.09043
-0.02023
-0.01654
-0.06742
0.006089
0.063
0.01333
-0.03489
0.0144
-0.03666
-0.07402
-0.004819
0.06298
0.06888
0.01624
0.0203
-0.0637
-0.09181
0.04306
0.09406
0.0544
0.02882
-0.02698
-0.07409
0.02044
0.01909
0.07546
0.03509
-0.0158
-0.01786
0.01218
0.01107
0.03885
-0.01793
0.08839
-0.04653
-0.01283
0.06179
0.03502
-0.04349
0.02051
-0.05106
-0.01129
-0.01054
-0.05692
0.02195
0.0177
0.07734
0.03238
0.0005759
0.01486
0.001221
0.1012
-0.01093
0.03301
-0.02977
-0.02165
-0.01423
0.0102
-0.07785
9.597e-05
-0.004539
0.004825
0.01408
-0.03592
0.01838
0.01233
0.004381
-0.01172
0.06373
0.03394
-0.03453
-0.02591
0.004478
0.004873
-0.02408
0.004262
0.0284
0.05083
-0.05156
-0.004232
0.06576
0.01996
0.06425
0.09537
-0.03896
-0.07912
0.06425
0.0007612
0.07697
0.006158
-0.02197
-0.05128
0.06704
-0.01931
-0.09109
0.002227
0.06827
-0.0546
0.07842
-0.01025
0.03838
0.04192
-0.03253
0.01464
-0.01833
-0.01355
-0.0504
0.03445
0.07828
-0.04441
-0.0165
0.007283
-0.02697
-0.07611
-0.005593
-0.02118
0.05133
0.05052
-0.04833
0.0139
0.01989
0.02426
-0.07349
-0.01019
0.04447
0.02101
-0.02651
-0.05054
-0.01494
0.01772
0.01155
0.08644
0.01859
-0.02299
0.06533
0.08081
0.0006282
-0.00349
-0.04092
0.00443
-0.0249
0.04219
0.01299
0.07269
-0.02856
0.01261
-0.01135
-0.03093
-0.02382
0.0481
0.02296
0.04292
-0.1005
0.01201
0.0137
0.03663
0.03368
-0.09963
-0.0797
0.005681
-0.03347
-0.03879
-0.1257
-0.0004667
0.07472
-0.007392
-0.04551
0.006571
-0.01555
-0.01485
-0.07419
0.03055
-0.02743
-0.05722
0.01351
-0.0008577
0.008256
-0.0149
-0.03749
0.00118
0.01231
-0.05187
-0.009149
-0.02747
-0.01986
-0.001915
0.01045
-0.0094
0.0008981
0.03803
0.02914
0.02424
0.057
-0.01737
0.04748
0.03386
-0.01019
0.07104
0.002368
-0.02513
-0.03905
0.0367
0.06905
0.02233
-0.07133
0.03518
0.01724
-0.03052
0.01558
0.09335
0.05062
0.07092
0.05332
0.08575
-0.04041
-0.09138
-0.03059
0.01543
-0.07546
-0.02184
0.0006871
0.05787
0.001201
-0.06937
-0.07226
0.01896
-0.05186
-0.01812
-0.07518
0.04043
0.007744
0.02899
0.01822
-0.05428
0.01192
-0.005846
-0.01171
-0.05561
-0.003011
0.0009155
0.01236
0.008069
-0.04531
-0.04629
-0.03424
0.03127
-0.0556
-0.04539
0.01218
-0.03239
0.02168
-0.03244
0.0524
-0.0223
-0.0004545
-0.004419
0.02797
-0.03459
-0.00712
0.0538
-0.01498
0.09673
0.07107
0.001004
-0.04492
-0.0117
0.03851
0.0731
-0.001503
-0.004047
-0.0305
-0.009052
0.03093
0.07254
2.086e-05
-0.02136
0.02521
0.04568
0.06329
-0.04961
-0.04428
-0.07884
0.0008594
-0.02522
0.006401
0.08578
-0.07106
-0.0349
0.02473
0.01175
0.02451
0.0124
0.008978
-0.1081
0.01928
-0.004281
0.04018
0.08467
-0.002083
-0.00722
0.006164
-0.0403
0.0535
0.0615
0.01284
-0.0771
0.03167
-0.05545
0.04047
0.01453
-0.003393
-0.01432
0.01678
-0.05395
-0.02457
0.000647
0.0174
-0.0153
0.0392
0.05918
0.00546
-0.02081
0.009198
-0.04114
-0.03956
0.06861
0.01998
-0.04618
-0.0003557
0.02319
0.01887
0.01352
0.02942
-0.04938
-0.05068
-0.0008287
-0.04556
0.02004
0.005893
-0.007852
0.009462
-0.04191
0.05056
-0.03901
0.009832
0.0288
0.03993
-0.0003329
0.00753
0.03762
0.002919
0.03234
-0.02579
-0.02262
-0.02504
0.0159
0.0054
-0.07039
-0.08427
0.02901
0.07397
0.007064
-0.006538
-0.01683
0.06268
0.03585
0.06208
-0.02693
-0.04896
-0.04062
0.0006243
0.1099
-0.04172
0.03974
-0.08297
-0.009111
-0.01195
-0.01229
0.01354
-0.05152
-0.02691
-0.01661
-0.05749
0.03473
-0.01904
-0.0326
0.04097
0.02729
0.008327
0.05197
-0.03484
-0.02289
0.007073
-0.02558
-0.06685
0.01918
-0.006105
-0.02864
-0.01153
0.05929
-0.04933
-0.1032
-0.03272
0.01543
-0.04301
0.009943
0.06436
0.01923
0.04681
0.04996
0.07183
-0.06823
0.04289
-0.1142
0.05681
-0.04205
-0.01059
0.01233
-0.03232
0.0009485
0.07137
-0.002865
0.03809
-0.0378
0.01505
0.06293
-0.04029
0.0449
0.0607
0.1004
-0.04806
0.01999
-0.02291
0.05312
0.004434
0.0792
-0.002578
0.06023
-0.04392
0.07164
-0.01537
-0.03512
0.0007733
-0.05098
-0.006829
0.1108
-0.009739
0.1208
-0.0745
-0.0594
-0.03411
0.01576
0.01707
0.0589
0.05962
0.04713
0.08083
-0.08664
0.05486
-0.02667
-0.003611
0.057
-0.02664
-0.07187
-0.02364
-0.01594
0.03247
-0.03385
-0.04729
-0.0433
-0.03438
0.01465
0.06628
-0.01577
-0.01796
-0.07578
-0.05673
0.0269
-0.04637
-0.07004
0.02668
0.043
-0.001714
0.02214
0.01362
-0.03071
-0.02021
-0.013
0.01147
0.05352
0.07719
-0.006626
-0.03582
-0.03345
-0.001886
0.04119
0.08833
0.04901
-0.004645
-0.02435
0.016
0.02855
-0.03222
-0.005636
0.05536
-0.03366
-0.07034
-0.0253
-0.01611
-0.09315
-0.05281
0.08668
-0.01731
-0.02079
-0.0406
-0.009747
0.05843
0.02749
-0.03318
0.005346
-0.02674
-0.07052
-0.01601
0.03067
0.03599
0.001549
-0.003354
-0.04884
-0.08585
0.06711
0.08917
0.05418
-0.003603
-0.02395
-0.09177
0.02056
0.0192
0.08554
0.008124
-0.007941
-0.01269
0.02567
0.0002357
0.05686
0.0155
0.09526
-0.06825
-0.000337
0.04612
0.02929
-0.03226
0.01187
-0.05129
0.01104
-0.0262
-0.06737
0.02437
0.02986
0.06443
0.01595
-0.006767
-0.001356
0.001939
0.1165
-0.0187
0.01684
-0.03766
-0.02853
-0.01858
-0.008663
-0.06965
-0.00823
0.004588
0.01788
0.0174
-0.04498
0.0256
-0.004482
0.02886
0.02005
0.05521
0.01106
-0.0391
-0.04788
0.013
-0.006575
-0.03053
0.005901
0.01533
0.0452
-0.06098
0.02268
0.06271
0.03661
0.07289
0.0999
-0.03726
-0.08395
0.06002
0.005641
0.081
-0.0009686
-0.04001
-0.05394
0.06359
-0.02845
-0.07391
-0.003509
0.05457
-0.04761
0.06998
-0.003227
0.02958
0.03256
-0.05021
0.01359
-0.01558
-0.01727
-0.04346
0.0586
0.06037
-0.05196
-0.01933
0.01573
-0.02377
-0.06125
0.0004723
-0.03712
0.07732
0.03972
-0.05448
0.03042
0.01485
0.03284
-0.07928
-0.0186
0.04642
0.02246
-0.03392
-0.03371
-0.0338
0.003535
0.03025
0.07732
-0.007951
-0.000364
0.07007
0.0944
-0.01277
-0.02022
-0.06265
0.02281
-0.02719
0.02341
-0.01722
0.08391
-0.02719
0.002649
-0.02504
-0.03847
-0.02077
0.04628
0.02111
0.04309
-0.08808
0.01984
0.01248
0.01364
0.05306
-0.1071
-0.11
0.008229
-0.03565
-0.03168
-0.1165
-0.0009854
0.06299
-0.009455
-0.02925
0.006312
-0.0123
0.01398
-0.06106
0.0256
-0.02131
-0.04634
0.01018
0.009353
0.0006732
0.0042
-0.03643
0.01429
0.01474
-0.03945
0.017
-0.05048
-0.001602
0.00726
0.01213
-0.005019
0.0127
0.009591
0.03767
0.005855
0.08032
-0.01302
0.02219
0.02498
-0.01886
0.1018
-0.004126
-0.03941
-0.05819
0.03628
0.07894
0.04938
-0.05082
0.01973
0.00836
-0.05615
0.0006047
0.08972
0.03348
0.05844
0.05333
0.07685
-0.07697
-0.07323
-0.008256
0.01269
-0.07189
-0.02035
0.006998
0.06802
-0.02232
-0.04982
-0.06291
0.0304
-0.04523
-0.005918
-0.06607
0.04204
-0.001909
0.0197
0.0005153
-0.07257
0.007699
-0.0176
0.01137
-0.03417
-0.001577
0.003443
0.02344
-0.01583
-0.01994
-0.02013
-0.07175
0.04012
-0.06117
-0.03398
0.0437
-0.01385
0.05121
-0.03976
0.06622
-0.04422
0.03553
0.03003
0.03824
-0.02745
-0.00845
0.04341
-0.02501
0.0577
0.0454
-0.004468
-0.05125
-0.03747
0.05802
0.05473
-0.02457
-0.01917
-0.00121
-0.02599
0.02821
0.09444
-0.02188
-0.05663
0.006698
0.03651
0.0274
-0.06652
-0.03235
-0.07738
-0.005981
-0.01771
0.002544
0.05202
-0.01671
-0.02406
0.01696
0.0432
0.05099
0.02624
0.00271
-0.07244
0.002776
-0.01016
0.01442
0.09119
0.02312
0.01467
0.03818
-0.02456
0.05506
0.02561
-0.01322
-0.02396
-0.007142
-0.06802
0.02366
0.008943
0.004699
-0.01635
-0.003714
-0.04524
-0.00773
-0.0109
0.0516
-0.01865
0.03432
0.06192
-0.001112
-0.03049
0.02047
-0.03319
-0.02496
0.07356
0.03876
-0.05671
-0.007699
0.02017
0.05884
-0.00525
0.02322
-0.03443
-0.02861
0.01566
-0.06547
0.01925
0.007783
-0.03015
0.04727
-0.004438
0.07926
-0.01537
0.004692
-0.0007224
-0.009466
0.02511
-0.01455
0.03724
-0.03212
0.00227
-0.05302
-0.04897
-0.03673
0.02544
0.0229
-0.05299
-0.08259
0.05515
0.07295
0.02683
-0.02146
-0.02348
0.04453
0.01185
0.04338
-0.01477
-0.04472
-0.008851
-0.03428
0.1104
-0.0694
0.04469
-0.06817
0.006903
-0.01864
0.000695
0.03906
-0.07792
-0.04955
0.00585
-0.01211
0.05913
0.01038
-0.02977
0.04868
0.04323
0.01029
0.04013
-0.01905
-0.006369
0.01872
-0.05944
-0.04727
0.02663
-0.006173
-0.08061
-0.007967
0.05384
-0.03661
-0.1035
-0.0192
0.008449
-0.04205
0.02478
0.0348
0.008997
0.006971
0.01396
0.06147
-0.05156
0.01218
-0.07066
0.09533
-0.05593
-0.02343
0.03795
-0.04532
0.02486
0.07417
0.01015
0.05234
-0.0312
0.01573
0.06487
-0.06878
0.02377
0.05102
0.1061
-0.0527
0.04475
-0.04087
0.06814
0.01625
0.04555
0.03082
0.05962
-0.03274
0.04808
0.0007406
-0.03201
-0.04068
-0.0397
-0.03427
0.09966
0.002715
0.09672
-0.09995
-0.08529
-0.02103
0.01291
0.01003
0.07203
0.05222
0.01068
0.04483
-0.05508
0.008049
-0.01634
0.01747
0.01325
-0.0212
-0.1111
-0.01298
-0.03687
0.02182
-0.01038
-0.02939
-0.04392
-0.04411
-0.0005042
0.06533
0.03686
-0.02782
-0.06497
-0.04116
0.01357
-0.06493
-0.08542
0.02164
0.04284
0.006463
0.03767
0.0586
-0.03926
0.002542
-0.04109
0.01882
0.01905
0.04065
-0.03705
-0.08013
-0.0315
0.01342
0.0656
0.1222
0.03695
0.009978
-0.0006466
0.05355
-0.03431
0.01259
0.01871
0.04952
-0.03032
-0.06021
-0.02115
-0.002738
-0.089
-0.03254
0.09689
-0.004457
-0.0409
-0.0522
-0.01107
0.07386
0.01883
-0.0264
0.02823
-0.01983
-0.04988
-6.448e-05
0.03159
0.05868
0.0147
0.03527
-0.08519
-0.09482
0.06327
0.1081
0.04819
0.04654
-0.025
-0.07333
0.03904
0.002193
0.06954
0.08486
-0.01262
0.01014
-0.008785
0.006945
0.02875
-0.01545
0.07061
-0.01335
0.03381
0.0536
0.02505
-0.05729
0.03753
-0.0234
-0.02362
-0.017
-0.05829
0.0157
0.05104
0.1047
0.05461
0.004003
0.002779
-0.003853
0.06543
0.02116
0.01217
-0.009608
-0.02456
-0.006083
-0.008238
-0.08087
-0.02446
-0.01257
-0.0143
0.02457
-0.02844
0.02004
0.00232
0.02429
0.01893
0.05773
0.002801
-0.01642
-0.02761
0.01738
0.03813
0.0007974
0.02285
0.03784
0.02968
-0.07431
-0.008137
0.0298
0.04399
0.06468
0.09357
-0.02719
-0.08115
0.05171
-0.01037
0.07834
0.0176
-0.05098
-0.04844
0.04284
-0.04525
-0.09249
0.02143
0.0801
-0.04901
0.06778
0.01808
0.0286
0.03008
-0.02785
0.01859
-0.03096
-0.02045
-0.06532
0.04484
0.07708
-0.0386
-0.02727
0.01993
-0.04589
-0.05574
-0.01935
-0.0218
0.07748
0.0511
-0.06008
0.02069
-0.01363
0.01072
-0.06986
0.01767
0.009386
0.02163
-0.03753
-0.04555
0.001668
0.04287
0.01672
0.06229
0.01017
-0.05365
0.0786
0.08168
-0.0004983
-0.01344
-0.01835
-0.01251
-0.02141
0.03338
-0.005343
0.104
-0.01371
-0.007609
-0.06664
-0.005054
0.001528
0.04082
0.03882
0.04401
-0.07587
0.01902
0.02652
0.04617
0.02122
-0.1065
-0.06333
0.01769
-0.05078
-0.01379
-0.1233
0.03035
0.1051
-0.01376
-0.02506
-0.02574
5.328e-05
0.01353
-0.05951
0.01551
0.02029
-0.03554
0.03746
-0.05471
-0.01979
-0.01387
-0.04279
-0.01089
0.019
-0.06067
-0.05234
-0.009997
-0.01386
0.02001
0.01452
0.02347
-0.01993
0.06556
0.02408
0.007017
0.02385
-0.02876
0.02856
0.05024
0.03074
0.07187
-0.01719
-0.01843
-0.04077
0.0105
0.03388
-0.003138
-0.06755
0.03001
-0.0153
-0.04999
-0.0219
0.08196
0.00444
0.05885
0.0606
0.06539
-0.01022
-0.07531
-0.01706
0.02155
-0.09211
-0.01992
0.02038
0.04105
-0.0163
-0.04966
-0.05454
0.02953
-0.05266
-0.01545
-0.06792
0.05383
-0.006937
-0.001102
-0.005343
-0.04383
0.03241
-0.02155
-0.02598
-0.06709
-0.0004626
0.002865
0.008791
0.0232
-0.06678
-0.0473
-0.04081
0.02687
-0.07035
-0.05031
0.008011
-0.04464
0.01218
-0.02513
0.05362
-0.03856
0.03135
0.01039
0.05035
-0.005164
-0.00295
0.01066
0.02832
0.0568
0.04879
-0.02355
-0.02952
0.003101
0.008664
0.03785
-0.01088
-0.00137
-0.04143
-0.03284
0.03227
0.07059
-0.02323
-0.02342
0.02189
0.05506
0.06873
-0.07412
-0.04257
-0.06753
-0.01049
-0.03236
0.003613
0.06084
-0.05172
-0.0296
0.04245
0.01823
0.07361
0.02482
0.002121
-0.05881
0.03038
-0.0334
0.002582
0.09665
0.001867
0.006442
0.02298
-0.02407
0.05512
0.04502
-0.0132
-0.067
0.04241
-0.07829
0.04921
0.01076
0.01165
-0.01747
0.01523
-0.05318
-0.02107
-0.01959
0.01691
-0.001352
0.08079
0.04123
0.01265
-0.05524
0.03494
-0.05532
-0.04891
0.05468
0.01036
-0.03515
0.009798
0.01762
0.01839
0.01076
0.03273
-0.06341
-0.04493
0.005458
-0.03529
0.005876
0.003146
-0.0001384
0.03651
-0.005843
0.04634
-0.02692
0.0358
0.01093
0.04463
0.01379
0.01014
0.01088
-0.04701
0.01946
-0.04778
-0.05634
-0.01783
0.01501
0.01255
-0.05941
-0.08796
0.01321
0.05199
0.01
0.005888
-0.005207
0.04917
0.04225
0.04766
-0.02329
-0.05361
-0.03079
0.008541
0.1284
-0.05161
0.04335
-0.1178
-0.008599
-0.01133
-0.03262
0.04199
-0.04289
-0.0509
0.004325
-0.02657
0.01976
-0.0006569
-0.03103
0.02573
0.01158
-0.01416
0.0672
-0.02447
-0.03766
0.01139
-0.01244
-0.05708
0.04504
-0.003645
-0.05229
-0.008275
0.04621
-0.02248
-0.1312
-0.0128
-0.01076
-0.02148
-0.002524
0.05641
0.02303
0.04635
0.00945
0.05933
-0.05166
0.02234
-0.08273
0.05984
-0.05082
0.0009283
0.01794
-0.03995
0.03164
0.07727
0.01327
0.06518
-0.03267
-0.01005
0.06555
-0.04295
0.03441
0.07381
0.101
-0.03851
0.03699
-0.03076
0.05018
-0.01341
0.07644
0.009573
0.05043
-0.04212
0.04849
0.005853
-0.05326
0.005701
-0.06493
0.002117
0.09671
0.02858
0.0881
-0.08425
-0.04443
-0.01803
-0.008003
0.02129
0.06483
0.04011
0.04852
0.08212
-0.05663
0.05702
-0.007866
0.0243
0.02011
-0.02847
-0.06813
-0.01836
-0.02121
0.04603
-0.03873
-0.04428
-0.04936
-0.02925
0.01642
0.07048
-0.01391
0.01362
-0.0908
-0.0655
0.01652
-0.07539
-0.07787
0.02316
0.06422
0.01449
0.04044
0.03097
-0.01125
0.04276
-0.02281
0.004366
0.01149
0.03372
-0.007087
-0.02238
-0.02903
0.008499
0.01926
0.07719
0.04282
0.008753
-0.005672
0.06161
0.01181
-0.005579
0.01395
0.09469
-0.04456
-0.05918
-0.05434
0.0003526
-0.08798
-0.08506
0.07043
-0.01564
0.006606
-0.06156
-0.01091
0.04317
0.02777
-0.00168
0.02433
-0.02173
-0.05005
-0.007118
0.0272
0.04475
-0.006858
0.007474
-0.06287
-0.07931
0.08008
0.08412
0.04262
-0.006372
-0.02728
-0.06792
0.01518
0.0381
0.07444
0.05285
0.007438
-0.03628
0.02366
0.005773
0.04121
0.01186
0.06963
-0.05668
0.03436
0.0576
0.04107
0.0003366
0.02324
-0.07221
0.01283
-0.04179
-0.06748
0.03132
0.01647
0.06445
0.007764
-0.007407
-0.01992
0.01475
0.1203
-0.0002543
-0.002772
-0.05153
-0.04685
-0.0302
0.002497
-0.06198
-0.02267
-0.01964
-0.02435
-0.001889
-0.0368
0.01442
-0.01464
-0.0008699
0.02004
0.07328
0.02125
-0.05829
-0.0595
0.01297
-6.67e-05
-0.003285
0.0523
-0.005096
0.02715
-0.05829
0.01188
0.06296
0.03896
0.1107
0.09818
-0.01566
-0.05659
0.07717
0.006063
0.03633
0.004449
-0.01731
-0.03563
0.03965
-0.05507
-0.1044
0.03346
0.03431
-0.03231
0.06637
-0.01541
0.03577
0.01257
-0.05451
0.04453
-0.02219
-0.0384
-0.05833
0.04693
0.04943
-0.03501
-0.02278
-0.008491
-0.01304
-0.06553
-0.01108
-0.01081
0.07087
0.02121
-0.0625
0.03384
-0.004558
0.01577
-0.0692
-0.003003
0.03608
0.03379
-0.02968
-0.01809
-0.01121
0.03401
0.02323
0.08141
-0.01641
0.01916
0.07654
0.09112
-0.02577
-0.01771
-0.04066
0.0158
-0.01535
-0.002747
-0.005872
0.0659
-0.03345
-0.0002449
-0.03135
-0.01471
-0.01667
0.07649
0.02752
0.02511
-0.07599
0.008736
0.04784
0.01652
0.04885
-0.09471
-0.07699
0.04738
-0.04162
-0.0179
-0.1121
0.01875
0.08125
-0.02764
-0.02902
0.03413
0.02559
0.02164
-0.03261
0.04421
-0.0512
-0.0422
0.01962
-0.009542
-0.0001401
-0.005517
-0.02374
0.04115
0.009127
-0.06061
-0.005333
-0.02032
-0.005679
0.03874
0.03502
0.01193
0.0004259
0.05889
0.02044
0.01725
0.03308
-0.01046
0.0357
0.03537
-0.03252
0.09887
0.02255
-0.04675
-0.0577
0.04062
0.05616
0.05829
-0.0458
0.02731
-0.002809
-0.04738
-0.01449
0.07651
0.04582
0.08171
0.06362
0.06963
-0.06365
-0.07989
-0.003252
0.01107
-0.1058
-0.009102
-0.006071
0.06528
-0.02926
-0.06299
-0.05731
0.0344
-0.05198
0.009533
-0.08335
0.02818
0.002708
0.02183
-0.01298
-0.08604
0.004912
-0.01941
-0.007374
-0.07372
0.01142
-0.006196
0.03211
0.003119
-0.03089
-0.02819
-0.04664
jianlin
3
0.06252
-0.01342
-0.01833
0.03787
0.03543
0.003381
-0.0403
0.01125
-0.06605
-0.007458
0.08938
-0.01327
-0.03575
-0.06414
-0.0008773
0.002599
0.06456
0.05796
-0.001445
-0.01091
0.01408
0.03603
-0.03614
-0.04622
-0.06916
-0.0376
0.04163
-0.005431
0.06872
0.01038
0.04506
0.0251
0.06335
0.09187
-0.02452
-0.07851
-0.07215
-0.05598
0.008369
0.0439
-0.001773
-0.09069
0.02192
0.01008
-0.003132
0.04367
-0.01863
-0.01275
-0.01022
0.03303
-0.01682
-0.00234
0.1131
0.03219
0.07182
-0.03951
0.02721
0.006695
0.04897
0.01254
-0.01385
0.01685
0.01111
0.05835
0.02853
-0.02839
-0.04388
-0.01224
-0.05573
-0.04036
-0.02634
-0.005566
-0.02698
0.0438
0.02987
0.01047
-0.03867
-0.0293
-0.007018
-0.04212
0.02499
0.02816
-0.07852
0.03284
0.05037
-0.03239
0.03326
0.02447
0.0536
-0.0648
-0.01565
-0.03958
-0.02342
0.004558
0.007676
0.03413
-0.03776
0.105
-0.02854
0.0195
0.0355
0.05231
0.01148
-0.001288
0.02981
-0.06692
0.02006
-0.05629
0.007933
-0.01681
0.0406
0.04473
-0.08531
-0.0854
0.01003
0.08078
-0.009603
0.005846
0.01563
0.07141
-0.007494
0.03791
-0.05996
-0.02321
-0.04862
0.03132
0.1215
-0.1156
0.09064
0.007287
-0.01479
-0.004455
0.008993
0.02404
-0.02154
-0.02234
-0.05546
-0.01421
0.0257
0.01693
0.03654
0.05284
-0.05619
-0.041
0.02054
-0.01929
-0.02531
0.01637
0.02202
0.01748
0.09779
0.067
-0.0342
-0.002646
0.04802
-0.0006172
-0.1239
-0.05606
0.02691
-0.04765
-0.04623
-0.007132
0.02985
0.06649
-0.05113
0.01458
-0.01745
0.1301
-0.07095
0.03891
0.009808
-0.01224
0.01866
-0.008647
-0.007087
0.1246
-0.08008
0.04611
0.04164
-0.02152
0.02504
-0.05766
0.02103
0.008353
0.07095
0.02365
0.03634
0.02951
-0.007249
0.03543
0.02831
0.02784
0.05104
-0.06174
0.05445
-0.05679
-0.06717
-0.02136
0.003248
-0.07384
0.05466
-0.03542
0.1039
-0.0446
-0.007718
-0.01792
0.0026
0.01045
0.008921
0.03116
-0.01417
0.01685
-0.0206
0.06459
-0.04753
0.01233
0.04699
0.01142
-0.01012
-0.01972
-0.02686
0.03382
0.009954
0.05727
0.06698
-0.06104
0.007195
0.04081
-0.006331
0.02551
-0.01042
-0.03968
0.02277
-0.0466
-0.0355
-0.07945
-0.004548
0.07024
0.08016
-0.01404
0.0005833
-0.008364
0.006057
-0.02167
0.03999
0.005501
-0.03457
-0.09257
0.02259
-0.01551
-0.02152
0.02266
0.03971
-0.01037
-0.02817
-0.007786
0.009905
0.04389
0.06226
0.00109
-0.07253
-0.04487
0.02971
-0.02938
-0.02915
-0.1139
0.08835
0.001795
-0.003201
-0.1178
0.0688
0.07194
0.05538
-0.02415
-0.02187
0.05138
-0.01589
0.01296
-0.01093
0.04546
-0.003755
0.0596
-0.00643
-0.02943
0.02427
0.07442
0.01792
-0.05624
0.00995
0.006351
-0.03362
0.02725
0.03058
0.02087
0.04932
-0.005666
0.02165
-0.05438
0.07731
-0.02768
0.0874
-0.01164
-0.03148
0.02412
-0.01661
0.01239
0.04675
-0.004406
-0.04466
0.01393
-0.05976
-0.02487
0.05467
0.04931
0.03549
-0.01804
0.01748
-0.04776
0.1512
-0.0182
0.01643
-0.006851
-0.04344
-0.0465
0.05177
-0.06933
0.03998
0.05729
-0.006055
0.02733
-0.01347
0.06171
-0.03835
0.007127
-0.003279
0.06386
-0.01743
-0.0935
-0.07971
0.02028
0.01233
-0.03768
0.0466
-0.0004949
0.01267
0.00894
-0.01475
-0.02671
0.04286
0.03807
0.01225
-0.04033
-0.05882
0.05382
0.01127
0.01315
0.04038
0.01206
-0.03132
-0.01743
-0.06548
-0.1048
-0.004083
0.01696
0.0176
0.0283
-0.0631
0.03724
-0.05209
-0.003641
0.01826
-0.03351
-0.1068
-0.06862
0.01063
0.04118
-0.02654
0.008022
-0.01507
-0.01525
-0.07909
-0.04751
-0.08208
0.01349
0.01396
-0.02576
0.0246
0.01891
0.01525
-0.001843
-0.008978
0.06182
-0.007862
-0.00707
0.009704
0.02185
-0.0331
0.06556
0.04638
-0.03956
0.03189
0.01234
0.08884
0.0008052
0.04698
0.005314
-0.05606
0.002149
-0.00193
-0.03495
0.1155
0.02191
-0.02115
-0.04946
-0.03347
-0.0452
0.02856
0.06499
0.01012
0.03103
-0.01121
-0.03167
0.01112
0.02252
-0.0907
-0.01206
0.04059
0.008215
0.0214
-0.02985
-0.01405
0.06876
-0.03946
-0.01798
0.05936
-0.0117
-0.04682
-0.1063
0.02692
0.03295
-0.002317
0.005565
-0.03188
-0.02711
-0.0201
0.000307
0.01173
0.04268
-0.0574
-0.06148
-0.008203
-0.02939
0.02699
0.05693
-0.03423
0.01605
-0.06417
-0.02082
-0.03348
0.09993
-0.01368
0.04721
0.06272
0.0345
-0.00638
-0.02057
0.07313
-0.06519
-0.01623
0.03363
0.02388
-0.06812
0.03054
-0.01041
-0.07145
0.02417
0.01798
0.001325
0.02338
-0.02815
0.0345
-0.03977
-0.01575
-0.02658
-0.0305
-0.1135
-0.03395
0.05893
-0.009632
-0.06364
-0.04129
-0.04512
0.0268
-0.0127
-0.03269
-0.03901
0.05264
0.01729
0.05075
0.01168
-0.01913
0.03214
-0.008736
-0.02942
-0.0585
0.01736
0.02539
-0.0279
-0.04238
-0.06508
0.01233
0.02523
0.06345
-0.02795
-0.02204
0.03433
0.02667
2.853e-05
-0.03532
0.003153
-0.06114
-0.01576
0.07596
-0.006441
-0.02892
-0.06679
0.0009859
0.007856
0.06895
0.06602
0.0007362
-0.001632
0.008746
0.03319
-0.04265
-0.03918
-0.05994
-0.04587
0.02928
-0.007771
0.06299
0.002618
0.0599
0.03169
0.05286
0.09525
-0.03076
-0.07604
-0.07647
-0.0548
0.002179
0.04963
0.0116
-0.09617
0.01178
0.001623
-0.007462
0.04147
-0.016
-0.02495
-0.0008665
0.02777
-0.01077
0.001807
0.1116
0.03259
0.0601
-0.04512
0.02291
-0.002632
0.05062
0.01239
-0.02503
0.02553
0.01705
0.07428
0.03136
-0.02452
-0.04923
-0.009885
-0.06407
-0.0447
-0.02864
-0.01219
-0.0227
0.04445
0.03319
0.005073
-0.0425
-0.02395
-0.003118
-0.05818
0.02606
0.0237
-0.09058
0.03463
0.05697
-0.03761
0.03868
0.02625
0.05139
-0.05711
-0.006467
-0.02448
-0.02219
0.014
0.008238
0.02237
-0.03939
0.09163
-0.03656
0.02266
0.04156
0.0601
0.0135
-0.01076
0.03677
-0.07185
0.0169
-0.05155
0.01161
-0.0003024
0.04095
0.04249
-0.0881
-0.06547
0.00355
0.07624
-0.02308
0.004441
0.002797
0.07801
-0.007567
0.0323
-0.06341
-0.02294
-0.04946
0.03976
0.1257
-0.1109
0.08916
0.006941
-0.01224
-0.01323
0.002598
0.023
-0.01245
-0.01074
-0.05341
-0.02025
0.02139
0.008268
0.03399
0.05307
-0.04989
-0.03306
0.02393
-0.0367
-0.03153
0.02097
0.03799
0.01238
0.09237
0.067
-0.01429
-0.00597
0.06162
0.00229
-0.1054
-0.05719
0.02776
-0.03699
-0.05828
-0.004711
0.03099
0.06192
-0.05191
0.008247
-0.02428
0.1366
-0.06306
0.02416
0.0002798
-0.01159
0.0172
0.003513
-0.0107
0.1272
-0.08255
0.05207
0.04184
-0.0162
0.01345
-0.05293
0.02327
0.009168
0.066
0.02814
0.03738
0.02597
-0.01789
0.02942
0.02638
0.01437
0.04739
-0.05646
0.05429
-0.0556
-0.06993
-0.01737
0.02457
-0.07448
0.05702
-0.03671
0.09524
-0.03629
-0.003849
-0.03556
0.004316
0.022
0.0228
0.03143
-0.02749
0.02483
-0.0268
0.07295
-0.04641
0.01021
0.04718
0.01847
-0.001295
-0.02565
-0.0131
0.0493
0.01008
0.06415
0.07588
-0.06988
0.002312
0.03892
-0.009597
0.0314
-0.01329
-0.0479
0.03696
-0.04844
-0.03249
-0.07928
-0.01173
0.07428
0.08188
-0.02266
-0.001857
-0.01573
0.007036
-0.01678
0.03752
0.0005498
-0.02389
-0.08876
0.02076
-0.01127
-0.01989
0.01455
0.04392
-0.00635
-0.03154
-0.009348
0.01782
0.02815
0.05268
0.003658
-0.08224
-0.03541
0.01411
-0.03208
-0.01371
-0.1185
0.07946
-0.006768
-0.004192
-0.1081
0.05669
0.05403
0.05399
-0.03088
-0.02157
0.05226
-0.02623
-0.007345
-0.01628
0.0532
-0.008139
0.05595
-0.002933
-0.01434
0.02462
0.0838
-0.001283
-0.06458
0.02249
0.01414
-0.03744
0.03863
0.04188
0.005009
0.06014
-0.006246
0.03889
-0.0569
0.07104
-0.01978
0.08678
-0.007957
-0.03036
0.02643
-0.02156
0.01578
0.03614
-0.01365
-0.03245
-0.003562
-0.0574
-0.02335
0.04772
0.04615
0.03309
-0.03603
0.02812
-0.05054
0.1567
-0.02429
0.01774
-0.01761
-0.03913
-0.04602
0.05839
-0.07042
0.04183
0.05527
-0.01073
0.02634
-0.03221
0.06375
-0.03041
-0.00479
0.001282
0.06537
-0.008314
-0.09637
-0.07677
0.02746
-0.00358
-0.04985
0.04764
-0.01261
0.02134
0.01158
0.004008
-0.02758
0.03814
0.04892
0.02051
-0.03252
-0.06456
0.05576
0.01645
0.008758
0.03417
0.005504
-0.01893
-0.01968
-0.05443
-0.1099
0.001246
0.01872
0.02759
0.03436
-0.05875
0.04165
-0.0543
-0.01179
0.01543
-0.03893
-0.09751
-0.05737
0.01527
0.02806
-0.0303
0.01533
-0.01374
-0.01032
-0.08121
-0.03628
-0.08295
0.01991
0.002109
-0.02087
0.0118
0.02737
0.02734
-0.00224
-0.01328
0.05556
-0.008692
-0.00673
0.006987
0.02479
-0.05053
0.05475
0.03198
-0.04183
0.03713
0.003262
0.08144
-0.003794
0.04768
-0.003718
-0.04467
0.02282
-0.005165
-0.049
0.1196
0.02684
-0.009555
-0.05278
-0.03762
-0.04487
0.02147
0.05479
0.003101
0.02877
-0.02603
-0.03008
-0.00674
0.03211
-0.08317
-0.02302
0.04185
0.002522
0.01726
-0.02594
-0.01785
0.06265
-0.02871
-0.01684
0.06368
-0.007275
-0.0418
-0.1037
0.02075
0.02253
0.006947
0.00593
-0.01848
-0.03335
-0.01926
-0.01355
0.0191
0.03843
-0.05091
-0.04392
-0.02083
-0.03692
0.02717
0.06787
-0.03773
0.0228
-0.06891
-0.02278
-0.03981
0.1003
-0.01555
0.04091
0.06775
0.02258
-0.01114
-0.008685
0.07323
-0.07224
-0.01554
0.04135
0.02919
-0.06742
0.01672
-0.001713
-0.06805
0.01481
0.006554
-0.001541
0.02999
-0.03173
0.03591
-0.05598
-0.01451
-0.02516
-0.02079
-0.1203
-0.02677
0.04243
-0.003507
-0.06224
-0.04338
-0.0541
0.03364
-0.003026
-0.03971
-0.04702
0.03959
0.02052
0.05261
0.0226
-0.01836
0.02328
-0.01563
-0.02035
-0.05856
0.009554
0.02646
-0.02745
-0.03864
-0.07434
0.01131
0.03494
0.06076
-0.02874
-0.03239
0.02122
0.02973
-0.002413
-0.02581
0.001662
-0.05786
-0.0148
0.07792
-0.01233
-0.02591
-0.07668
0.004572
-5.954e-05
0.07088
0.07349
-0.007118
0.009899
0.01555
0.02497
-0.04088
-0.06048
-0.07936
-0.04081
0.02282
-0.01234
0.06777
0.004201
0.05906
0.01995
0.03699
0.09419
-0.03282
-0.07368
-0.06297
-0.05562
0.002668
0.05369
0.02136
-0.09677
0.004057
0.009302
-0.0093
0.03056
-0.01688
-0.006638
-0.03015
0.01026
-0.02714
-0.001833
0.1114
0.04285
0.05994
-0.05497
0.01914
0.002169
0.05107
0.01613
-0.01359
0.03359
0.007655
0.07462
0.01835
-0.03873
-0.02938
-0.009476
-0.07516
-0.04249
-0.03701
-0.02586
-0.02357
0.0279
0.03219
-0.01656
-0.04802
-0.02239
0.0002709
-0.07533
0.01542
0.03396
-0.08627
0.03745
0.03098
-0.03841
0.03078
0.0258
0.0417
-0.06455
0.004488
-0.02831
-0.0388
0.01367
0.01455
0.03451
-0.02776
0.09544
-0.05026
0.01311
0.03291
0.04572
0.001046
-0.003336
0.02339
-0.07695
0.02252
-0.04467
-0.002743
0.00714
0.04937
0.05472
-0.08774
-0.0638
0.02807
0.08144
-0.0186
0.001747
0.005924
0.07299
-0.002727
0.03024
-0.05014
-0.02457
-0.05313
0.0402
0.1072
-0.1081
0.07312
0.01005
-0.02057
-0.002718
0.0007394
0.01532
-0.01042
-0.01551
-0.04943
-0.02211
0.02371
0.006042
0.0193
0.03506
-0.04951
-0.01081
0.01779
-0.04319
-0.01745
0.01598
0.02424
0.009433
0.09062
0.06511
-0.02342
-0.02578
0.07984
-0.009212
-0.1104
-0.06325
0.02569
-0.02601
-0.04625
-0.00735
0.03498
0.05737
-0.05472
0.03816
-0.0345
0.132
-0.06247
0.02826
0.00769
-0.01576
0.02997
0.007259
-0.01271
0.1281
-0.07689
0.05155
0.0499
-0.02456
0.01289
-0.0491
0.0259
-0.00505
0.06668
0.03931
0.03246
0.0217
0.002687
0.01258
0.02524
-0.00332
0.04212
-0.05545
0.05913
-0.06917
-0.0689
-0.01059
0.01178
-0.08033
0.05092
-0.05779
0.09134
-0.04669
-0.02249
-0.02787
0.0127
0.0254
0.03392
0.02785
-0.02517
0.03442
-0.0302
0.06696
-0.04424
-0.003825
0.04817
0.03128
-0.007388
-0.0265
-0.0176
0.03568
0.0009733
0.04858
0.07563
-0.06536
0.0115
0.03701
-0.02084
0.01425
-0.02804
-0.03149
0.03937
-0.04636
-0.03611
-0.07007
-0.01318
0.06646
0.07896
-0.0323
-0.003865
-0.01836
0.004664
-0.00823
0.03493
-0.006719
-0.004134
-0.09874
0.00486
-0.01544
-0.01551
0.01509
0.04936
-0.01811
-0.02884
-0.01412
0.01923
0.02538
0.05252
0.003358
-0.07131
-0.04164
0.002619
-0.03284
-0.02122
-0.1022
0.09491
-0.008405
-0.01345
-0.1201
0.06422
0.05191
0.05205
-0.04296
-0.02061
0.05201
-0.01106
0.0006167
0.004193
0.04331
-0.01275
0.06563
0.013
-0.007189
0.01615
0.09163
0.008706
-0.05811
0.03205
0.01578
-0.02779
0.03368
0.03201
0.02529
0.05009
0.007311
0.05261
-0.05789
0.06293
-0.0264
0.0844
-0.01097
-0.04017
0.03161
-0.02382
0.01982
0.03442
-0.02485
-0.03236
0.006243
-0.04454
-0.03192
0.0552
0.05411
0.02424
-0.04132
0.0199
-0.06323
0.154
-0.01625
0.003874
0.0008571
-0.04553
-0.02186
0.05338
-0.08783
0.05445
0.06214
-0.02159
0.03454
-0.03162
0.05609
-0.03428
-0.01112
-0.002412
0.03876
0.01137
-0.1
-0.06524
0.03117
-0.001396
-0.07281
0.0465
-0.004159
0.01378
0.001027
-0.001334
-0.04349
0.03744
0.04585
0.02316
-0.018
-0.05537
0.05166
0.01394
0.01811
0.04147
0.01201
-0.01113
-0.01373
-0.04333
-0.1005
-0.01091
0.01812
0.02285
0.04688
-0.05935
0.05241
-0.04401
-0.023
0.02431
-0.05212
-0.08817
-0.05386
0.009317
0.03368
-0.01867
0.01406
-0.003424
-0.02232
-0.06062
-0.04439
-0.06829
0.01696
0.009857
-0.02238
0.01416
0.01789
0.02413
0.001734
0.002278
0.06005
-0.01673
0.01058
-0.009525
0.03446
-0.06312
0.06168
0.0384
-0.04058
0.02852
0.01201
0.08715
0.0128
0.04765
0.008889
-0.04668
0.02067
0.007331
-0.04149
0.1273
0.04083
-0.01619
-0.05442
-0.04509
-0.04103
0.02059
0.05459
0.02106
0.006974
-0.03798
-0.03213
-0.006189
0.02031
-0.09413
-0.01191
0.04368
-0.008089
0.006192
-0.01284
-0.01629
0.07715
-0.009567
-0.01012
0.06142
-0.003125
-0.05041
-0.09441
0.02485
0.04563
0.01082
0.01934
-0.02773
-0.02657
-0.01974
-0.00811
0.01472
0.02601
-0.04493
-0.0473
-0.03697
-0.04407
0.003453
0.06059
-0.04118
0.02531
-0.06878
-0.02763
-0.0464
0.08593
-0.0008469
0.04417
0.0745
0.0245
-0.01487
-0.0002636
0.07639
-0.05515
-0.02957
0.06114
0.03991
-0.06958
0.02262
0.00907
-0.05274
0.02333
0.01489
0.01342
0.01493
-0.02774
0.03904
-0.06994
-0.01091
-0.01957
-0.01902
-0.1007
-0.03201
0.02999
0.009899
-0.06126
-0.05637
-0.05746
0.01822
0.002149
-0.04666
-0.0441
0.04214
0.01813
0.04955
0.03495
-0.03274
0.01117
-0.01528
-0.02617
-0.06429
0.01743
0.03244
-0.02924
-0.04212
-0.07828
0.01409
0.04178
zhangcong
3
-0.005265
-0.04864
-0.03937
0.05826
0.0208
-0.02515
0.00475
-0.01133
0.01668
0.02752
0.02858
0.05674
-0.03264
0.05524
-0.02229
0.01127
0.08417
0.123
-0.05134
0.06259
-0.006516
0.03974
0.05329
-0.06244
-0.04688
-0.06404
-0.01375
0.04187
0.08153
-0.009289
0.04656
0.004584
0.0158
0.0668
-0.001891
-0.05148
-0.06841
-0.07989
-0.02575
0.08653
0.05018
-0.07503
0.007565
0.03677
0.001677
0.006579
-0.009447
0.01539
-0.07322
0.04475
0.005665
-0.03009
0.113
0.03176
-0.04073
-0.09307
-0.08944
0.02927
0.01149
-0.01487
0.008225
0.07055
-0.01838
0.0661
-0.0131
-0.001655
0.004448
0.01661
-0.02227
-0.01568
0.007504
0.007898
-0.01588
0.03701
0.001915
-0.02749
0.03265
0.01269
-0.02259
-0.04455
0.03013
0.01967
-0.07447
0.01355
0.0457
0.01753
0.05628
0.003115
-0.08275
-0.03573
0.07516
-0.04156
0.0269
-0.04362
0.05532
0.05934
0.0379
0.05664
-0.04441
0.05231
0.03736
0.1008
0.03006
0.02775
-0.003127
-0.007274
0.03178
0.03499
-0.01282
0.03801
0.0839
-0.02392
-0.0127
-0.06034
-0.01836
-0.03335
-0.02922
0.0272
-0.01813
0.05501
0.0682
0.09013
-0.07349
-0.01556
-0.102
-0.0258
0.03949
-0.02628
0.003784
-0.02302
-0.02909
-0.0236
-0.01057
-0.008374
-0.02995
-0.03881
-0.02504
-0.09522
0.053
0.08117
0.002406
0.04995
-0.001238
0.04979
0.002718
-0.01303
-0.06377
0.0123
-0.01423
-0.09081
0.03971
0.0369
-0.05281
0.0289
0.08596
-0.0819
-0.09482
-0.005288
-0.0527
-0.01375
-0.001063
0.09775
0.05653
0.0916
0.06331
0.08012
-0.04352
0.005152
-0.06825
0.01164
-0.1145
0.007047
-0.006119
-0.001329
0.03931
0.05288
-0.04785
0.06205
-0.007165
-0.006697
-0.03518
-0.01518
-0.02876
0.03017
0.04422
0.002932
-0.006934
-0.07777
0.01916
0.03142
0.05397
-0.03661
0.03728
-0.004489
0.03619
-0.01021
-0.1141
0.03729
0.01839
0.002261
0.09618
-0.02099
0.01005
-0.07652
0.01163
-0.0543
0.009204
0.01443
0.02037
0.04569
-0.02196
0.02553
-0.01698
0.03252
-0.02936
0.03232
0.006829
0.03281
-0.07024
-0.01623
0.02908
-0.007221
0.02131
-0.005642
-0.004096
0.003956
0.09323
-0.00959
-0.03348
-0.001862
0.01232
-0.03991
0.05884
-0.05764
-0.0648
0.02072
-0.0248
0.01179
0.0405
0.06398
-0.02352
-0.0348
0.001947
0.02001
0.03793
0.01109
0.04501
0.03552
-0.0262
0.02325
-0.03581
0.03398
0.04823
-0.02551
-0.005038
0.01827
0.04012
-0.04723
-0.0121
0.06922
-0.05537
-0.00164
-0.02554
-0.04341
-0.01613
-0.04314
-0.01392
-9.78e-05
0.01409
-0.08279
0.01431
-0.01301
0.07004
0.02802
0.06328
0.02122
-0.01184
0.004257
-0.01425
0.008545
0.02891
0.01275
-0.004704
0.01698
0.03273
-0.04312
0.01271
0.04142
-0.02538
0.007314
-0.03768
-0.01766
0.04067
-0.06777
0.01263
-0.01068
-0.03686
-0.003768
0.00719
-0.01809
0.08007
-0.005367
-0.008112
0.03109
0.04904
0.008679
0.001071
-0.0552
-0.003173
-0.006524
-0.04204
0.07436
0.0363
0.03915
0.05148
-0.005277
-0.02304
0.03238
0.1138
-0.01453
0.00195
-0.04947
0.02807
0.02391
0.00415
-0.04612
-0.04435
0.0473
0.01205
0.01725
-0.05769
0.02885
-0.05534
0.06223
0.03594
0.05514
0.03683
-0.04496
-0.0617
0.005955
0.01996
-0.03383
0.05546
-0.02779
0.06582
0.01231
-0.02647
0.004047
0.02315
0.02693
0.04006
-0.06304
0.01231
0.06054
0.06485
7.283e-05
0.008036
0.01131
0.02242
0.04533
-0.03528
-0.03734
-0.02706
0.01343
0.002255
0.01856
-0.06952
0.05694
-0.005213
-0.1082
-0.0004691
-0.03359
-0.009836
0.06734
0.02049
0.09288
-0.06025
0.103
-0.01574
-7.773e-05
-0.01051
0.04135
-0.05565
9.436e-05
0.001224
-0.01804
-0.01113
0.04927
0.01756
-0.007744
-0.01148
0.08003
-0.01907
0.03692
-0.03781
-0.03255
-0.05127
0.06143
0.09275
-0.03839
0.04891
0.007678
0.04868
-0.02805
0.01356
-0.02694
-0.007573
-0.04642
0.01232
-0.1042
0.03729
-0.01244
0.04046
-0.02989
-0.0139
-0.05632
0.04855
0.008016
0.02038
-0.1132
0.08241
0.03248
-0.005477
0.06021
-0.02247
-0.01958
0.05153
-0.02076
-0.05143
-0.05428
-0.07436
0.04273
-0.009824
-0.04633
0.0584
-0.009258
-0.01267
-0.04774
-0.03033
-0.02665
-0.0481
-0.004597
-0.03201
0.06703
-0.07838
-0.01892
0.02502
-0.0192
0.03692
0.00125
-0.015
-0.03359
-0.02597
0.05483
0.006549
0.03859
-0.05237
0.01259
0.01751
0.04718
0.03757
0.01537
-0.002412
0.002722
0.05925
0.04834
0.03488
-0.1206
0.03817
0.09244
0.07883
0.005268
0.0006215
-0.0254
-0.05372
0.05427
0.06026
-0.01111
0.1018
0.03305
0.05874
0.001503
-0.0835
0.05351
-0.04777
-0.06968
-0.006721
0.04196
0.04303
-0.08685
-0.001882
-0.006474
-0.01484
-0.02481
0.06224
-0.05656
-5.047e-05
0.02246
0.03492
0.02449
-0.07343
0.01309
-0.007084
-0.0158
-0.01557
0.04673
0.03262
0.001378
-0.04406
-0.06244
0.02859
0.0001175
-0.002063
-0.04136
-0.03934
0.06541
0.02639
-0.02275
-0.008312
-0.0027
0.02128
0.009651
0.04636
0.04875
-0.03613
0.04471
-0.0378
0.007445
0.0959
0.1261
-0.03843
0.04425
-0.02395
0.03869
0.05138
-0.07321
-0.05991
-0.06679
-0.004975
0.0434
0.06889
0.0107
0.02465
-0.005372
0.02037
0.06065
-0.01437
-0.04915
-0.07745
-0.07405
-0.02504
0.08788
0.03369
-0.06717
0.02375
0.03894
0.009734
0.008799
-0.01963
0.03195
-0.08666
0.04141
0.009085
-0.01821
0.1157
0.0415
-0.04142
-0.08096
-0.0891
0.0379
0.009806
-0.01836
0.01101
0.06349
-0.01018
0.06427
-0.016
0.007452
0.0002846
0.01935
-0.02014
-0.01424
0.0148
0.002949
-0.007783
0.02571
-0.01025
-0.03557
0.03284
0.005692
-0.01939
-0.03827
0.02544
0.04005
-0.0689
0.01716
0.05323
0.02604
0.05823
-0.009644
-0.06725
-0.04105
0.06566
-0.04418
0.03225
-0.05479
0.05117
0.06629
0.03243
0.06945
-0.03984
0.04892
0.02997
0.09354
0.01071
0.03524
-0.003491
0.003656
0.04624
0.04526
-0.005168
0.02136
0.08607
-0.02422
-0.01878
-0.0609
-0.01339
-0.01638
-0.01424
0.03665
-0.009124
0.05059
0.05045
0.08536
-0.06924
-0.01966
-0.09391
-0.03396
0.03759
-0.01655
-0.005135
-0.01354
-0.05265
-0.02641
-0.001737
-0.01048
-0.04079
-0.03171
-0.04061
-0.09677
0.06386
0.09039
0.01016
0.04865
-0.01505
0.04612
-0.005542
-0.0157
-0.05158
0.017
-0.02673
-0.07008
0.05518
0.02981
-0.0652
0.04074
0.0896
-0.0724
-0.08581
-0.01593
-0.03761
-0.01647
0.01629
0.09881
0.05153
0.0899
0.06555
0.0725
-0.03586
0.01714
-0.08517
0.02882
-0.1059
0.01751
-0.01049
-0.005368
0.04128
0.06845
-0.03897
0.05673
-0.007292
-0.00804
-0.02814
-0.01571
-0.03693
0.03094
0.04479
0.01003
-0.0175
-0.05519
0.03203
0.04656
0.05885
-0.03644
0.03478
-0.02069
0.05046
-0.01441
-0.1031
0.04197
0.002416
-0.003936
0.1035
-0.02794
0.02049
-0.07522
0.0169
-0.03661
0.006389
0.008418
0.01435
0.04873
-0.005442
0.01732
-0.005309
0.02542
-0.03812
0.02026
0.001573
0.04282
-0.07043
-0.01618
0.0251
-0.02467
0.02945
-0.01174
-0.001669
0.008467
0.08969
0.002938
-0.04311
-0.009848
0.02672
-0.03003
0.04844
-0.05673
-0.06288
0.0152
-0.02665
-0.003041
0.03912
0.06779
-0.01661
-0.0397
0.000775
0.01366
0.0456
0.02264
0.02884
0.03418
-0.02215
0.02328
-0.04723
0.04132
0.05013
-0.02141
0.000277
0.02278
0.03648
-0.05064
-0.01531
0.06529
-0.06259
-0.005846
-0.006438
-0.04367
-0.03493
-0.03327
-0.002525
-0.01242
0.002016
-0.0817
1.309e-05
0.0002891
0.0769
0.01913
0.05642
0.02567
-0.0009517
0.0007086
-0.007747
-0.008975
0.02733
0.02851
-0.0003991
-0.0004416
0.02613
-0.03727
0.02561
0.0582
-0.03504
-0.007073
-0.03485
-0.02893
0.03809
-0.06547
0.02464
-0.02025
-0.03655
0.008176
0.02935
-0.02568
0.08033
0.001102
-0.01475
0.0202
0.04638
0.0225
0.0003877
-0.05509
-0.004141
0.01011
-0.04387
0.07343
0.04643
0.03276
0.06754
-0.005146
-0.02251
0.03566
0.1209
-0.008816
0.01767
-0.02937
0.03161
0.01973
0.004594
-0.03893
-0.03881
0.05904
0.0276
0.01275
-0.0453
0.03482
-0.05011
0.08774
0.04866
0.06184
0.02966
-0.04544
-0.05869
-0.002519
0.02857
-0.01787
0.05992
-0.0314
0.05005
0.009586
-0.03053
0.003186
0.03563
0.008665
0.02968
-0.06292
0.004973
0.05004
0.05081
-0.006818
0.02384
0.004023
0.01381
0.04654
-0.03497
-0.02843
-0.03112
0.01905
-0.004078
0.006618
-0.06236
0.04013
-0.002934
-0.1125
-0.01512
-0.02796
-0.01636
0.06342
0.01918
0.1147
-0.06208
0.09932
-0.02195
-0.009334
-0.009252
0.02851
-0.07175
0.005614
0.008205
-0.02204
-0.006789
0.04806
0.02139
-0.01908
-0.005989
0.08575
-0.01655
0.02466
-0.04451
-0.02679
-0.03554
0.05766
0.1004
-0.03469
0.04988
0.007022
0.03625
-0.03029
0.02952
-0.02591
-0.02273
-0.05391
0.02555
-0.105
0.04477
0.001607
0.03878
-0.03638
-0.008828
-0.05424
0.04679
0.03387
0.01952
-0.08749
0.09109
0.0188
-0.000151
0.05286
-0.03077
-0.0239
0.04636
-0.01669
-0.04207
-0.05306
-0.07737
0.03649
-0.01819
-0.04668
0.0504
-0.01801
-0.01662
-0.07004
-0.0271
-0.01822
-0.04755
-0.002308
-0.02762
0.08087
-0.08216
-0.006354
0.01116
-0.009538
0.03494
-0.0135
-0.02583
-0.02174
-0.02903
0.03195
-0.004053
0.03193
-0.06058
0.008
0.0122
0.0549
0.03871
0.01192
-0.008325
0.008208
0.06083
0.03731
0.04487
-0.1139
0.0277
0.09007
0.07308
-0.003582
0.003786
-0.03296
-0.07541
0.05509
0.0663
-0.006352
0.09127
0.01824
0.04893
-0.002227
-0.07662
0.04285
-0.06746
-0.04871
-0.02439
0.06344
0.02686
-0.08253
0.009927
0.007889
-0.02359
-0.02952
0.06493
-0.05211
0.004292
0.01899
0.03867
0.01617
-0.07829
0.02929
-0.01786
-0.01437
0.007835
0.05759
0.0366
-0.01059
-0.0532
-0.06273
0.02872
-0.005635
-0.0006183
-0.03633
-0.03515
0.06439
0.01435
-0.01901
-0.004377
0.004554
0.03748
0.01778
0.04237
0.05765
-0.03494
0.05297
-0.03038
0.00732
0.1039
0.1114
-0.03589
0.04394
-0.01868
0.03229
0.06259
-0.0744
-0.05889
-0.06198
-0.001142
0.05838
0.07356
0.01001
0.03091
0.0006617
0.03019
0.05155
-0.01928
-0.05703
-0.08412
-0.06343
-0.01769
0.07767
0.04767
-0.07797
0.01438
0.04387
0.005091
0.004369
-0.01623
0.03085
-0.08605
0.03121
0.001827
-0.01932
0.1081
0.02496
-0.04149
-0.07471
-0.08504
0.03535
0.01674
-0.008134
-0.00975
0.05466
-0.02106
0.07036
-0.01724
0.007441
0.004993
0.002639
-0.02628
-0.02692
0.02082
-0.0005284
-0.002823
0.0269
-0.01651
-0.02398
0.03941
0.000737
-0.02507
-0.02691
0.02553
0.0249
-0.07023
0.01636
0.06033
0.02131
0.05092
-0.006698
-0.0789
-0.04931
0.04487
-0.05382
0.03152
-0.05121
0.04803
0.06425
0.01882
0.06929
-0.0299
0.05255
0.02909
0.09957
0.009485
0.04147
0.0136
0.01343
0.04328
0.04732
0.007406
0.02305
0.07951
-0.03202
-0.0251
-0.07182
-0.01385
-0.009708
-0.01662
0.03043
-0.001516
0.0451
0.06428
0.08477
-0.07181
-0.02506
-0.09788
-0.05019
0.051
-0.02392
-0.009058
-0.02118
-0.05192
-0.01889
-0.002985
-0.005185
-0.04587
-0.02369
-0.0386
-0.1014
0.07282
0.0772
0.01535
0.04553
-0.007169
0.04247
-0.0001223
-0.01006
-0.05361
0.01638
-0.03979
-0.07746
0.05014
0.04346
-0.04967
0.03824
0.08307
-0.06995
-0.09191
-0.02298
-0.04584
-0.02138
0.02331
0.114
0.06419
0.08658
0.06986
0.06991
-0.02754
0.01637
-0.09197
0.03496
-0.1044
0.01722
-0.003105
-0.0136
0.03848
0.05771
-0.04524
0.04145
0.003591
-0.006797
-0.01697
-0.009913
-0.03512
0.03061
0.04765
-0.004875
-0.02003
-0.05577
0.032
0.03973
0.05392
-0.02477
0.02752
-0.02758
0.06392
-0.00419
-0.09451
0.0316
0.007718
-0.01112
0.1082
-0.02398
0.03634
-0.08141
0.008192
-0.0347
0.009485
0.005695
0.01785
0.0498
-0.001435
0.03235
-0.01787
0.01969
-0.02821
0.0157
0.009581
0.0287
-0.07512
-0.01661
0.03189
-0.01306
0.03265
-0.01968
-0.01986
0.003192
0.09246
0.00511
-0.04159
-0.01322
0.007517
-0.04739
0.04633
-0.05152
-0.08493
0.0237
-0.01196
-0.0003703
0.02689
0.06573
-0.01097
-0.03563
0.008656
0.001202
0.04514
0.03362
0.01594
0.0251
-0.03085
0.01696
-0.04074
0.04823
0.06214
-0.01326
-0.01011
0.03561
0.035
-0.05131
-0.01425
0.0664
-0.05538
-0.004686
-0.008024
-0.04042
-0.03371
-0.02947
0.003972
-0.008286
0.004758
-0.08236
0.004123
0.006066
0.07534
0.02119
0.05262
0.02899
-0.01353
0.003212
-0.006211
0.0008745
0.02774
0.03273
-0.007291
-0.002413
0.03259
-0.03255
0.03406
0.06711
-0.03568
-0.01183
-0.0205
-0.02894
0.03927
-0.06053
0.0122
-0.01565
-0.0374
0.002072
0.03582
-0.02492
0.07099
-0.01258
-0.02842
0.005228
0.02884
0.0164
0.002638
-0.05034
-0.003354
-0.003984
-0.05171
0.05593
0.03396
0.02213
0.04023
0.004616
-0.0121
0.03567
0.1264
-0.01997
0.001746
-0.03389
0.02895
0.01411
0.003471
-0.04277
-0.04645
0.06047
0.0315
0.009256
-0.03404
0.04225
-0.04718
0.078
0.05
0.06718
0.03311
-0.0441
-0.06234
-0.00759
0.02502
-0.03079
0.04824
-0.0194
0.04984
-0.006089
-0.02801
0.006721
0.02057
0.01805
0.04491
-0.06154
-0.0003843
0.04988
0.05515
-0.002338
0.01111
0.0142
0.004572
0.05939
-0.03854
-0.02047
-0.02643
0.01352
-0.008125
0.01768
-0.06832
0.04183
0.006975
-0.1026
-0.009626
-0.03164
-0.01292
0.06578
0.03247
0.1027
-0.05918
0.1075
-0.01523
-0.01241
-0.02519
0.03592
-0.07555
0.008386
0.006839
-0.03104
0.005466
0.05356
0.01302
-0.03019
0.004827
0.06969
-0.02239
0.02345
-0.03688
-0.03984
-0.03749
0.04829
0.1053
-0.04407
0.05096
0.0132
0.04335
-0.0239
0.02235
-0.02069
-0.0154
-0.06233
0.02246
-0.09948
0.04313
-0.01058
0.04121
-0.04091
-0.007888
-0.04032
0.05213
0.02988
0.01825
-0.09122
0.1114
0.02173
0.01432
0.05447
-0.04135
-0.03234
0.02353
-0.02026
-0.03364
-0.06159
-0.08105
0.03314
-0.01078
-0.04051
0.0456
-0.02053
-0.02889
-0.06868
-0.02278
-0.01537
-0.05093
0.007419
-0.02304
0.0765
-0.07999
-0.01057
0.01489
-0.02457
0.0207
0.002028
-0.02782
-0.02983
-0.03073
0.04239
-0.001257
0.02813
-0.05362
0.006446
0.01511
0.05883
0.03952
0.01367
-0.007184
0.002414
0.06368
0.03589
0.03095
-0.1137
0.03472
0.08794
0.0722
-0.01427
0.01637
-0.032
-0.06121
0.06328
0.07327
0.00376
0.09755
0.03195
0.05903
-0.005853
-0.09696
0.03735
-0.06385
-0.05099
-0.02113
0.07103
0.02916
-0.07913
0.008379
0.004019
-0.02571
-0.03599
0.05254
-0.04657
0.003731
0.002805
0.03022
0.0009886
-0.07334
0.02954
-0.01996
-0.009502
-0.0001443
0.04402
0.03451
-0.008765
-0.04917
-0.05152
0.01825
-0.006705
